#########################################################################
# Estrutura da palavra de horizontal
#
# [0][1][2] [3] [4] [5] [6][7][8] [9]
#
# Legenda:
#
# 0: flag para o uso da entrada P1 (1 = usa, 0 = nao usa)
# 1: flag para o uso da saida P1
# 2: flag para o uso da saida P2
#
# 3: sinais de controle
#
# 4: $ sinais de operacao para ULA
#    0: incrementar
#    1: incrementar (comp 2)
#    2: somar
#    3: somar (comp 2)
#    4: subtrair (comp 2)
#    5: multiplicar (comp 2)
#    6: dividir (comp 2)
#
# 5: @ sinais de operacao para RAM
#    0: endereco valido
#    1: escrever
#    2: ler
#
# Condicoes do JUMP
# 6: I jump incondicional
# 7: Z jump zero
# 8: N jump negativo
# 9: P jump positivo
#
#10: & flag para a leitura do endereco da operacao no IR
#
#11: ! flag para a leitura do endereco da operacao no Operando 1 do IR
#
#12: % endereco da microinstrucao em caso de jump
#
#
# PADRAO:
# FLAGS                     SINAIS DE CONTROLE
# 0 0 0   0 0 0 0 0 0 0 0 0 0 0 0 0 0 0 0 0 0 0 0 0 0 0 0 0 0  $   @   I Z N P   & !   %
#
#########################################################################

##########################################################################################
##################################### CICLO DE BUSCA #####################################
##########################################################################################
######## 0 0 0 0 0 0 0 0 0  1 1 1 1 1 1 1 1 1 1  2 2 2 2 2 2 2 ###########################
######## 1 2 3 4 5 6 7 8 9  0 1 2 3 4 5 6 7 8 9  0 1 2 3 4 5 6 ###########################
 0 0 0   0 0 0 0 0 1 0 0 0  0 0 0 0 0 0 0 1 0 0  0 0 0 0 0 0 0   0   0   0 0 0 0  0 0   0
 0 0 0   1 0 1 0 0 0 0 0 0  1 0 0 0 0 0 0 1 0 0  0 0 0 0 0 0 0   2   1   0 0 0 0  0 0   0
 0 0 0   0 1 0 0 1 0 0 0 0  0 0 1 0 0 0 0 0 1 0  0 0 0 0 0 0 0   0   3   0 0 0 0  0 0   0
 0 0 0   0 0 0 0 0 0 0 1 0  0 0 0 0 1 0 0 0 0 0  0 0 0 0 0 0 0   0   0   0 0 0 0  0 0   0



##########################################################################################
#################################### CICLO DE EXECUCAO ###################################
##########################################################################################
######## 0 0 0 0 0 0 0 0 0  1 1 1 1 1 1 1 1 1 1  2 2 2 2 2 2 2 ###########################
######## 1 2 3 4 5 6 7 8 9  0 1 2 3 4 5 6 7 8 9  0 1 2 3 4 5 6 ###########################
 0 0 0   0 0 0 0 0 0 0 0 0  0 0 0 0 0 0 0 0 0 0  0 0 0 0 0 0 0   0   0   1 0 0 0  1 0   0



##########################################################################################
############################### INSTRUCOES DE MOVIMENTACAO ###############################
##########################################################################################
######## 0 0 0 0 0 0 0 0 0  1 1 1 1 1 1 1 1 1 1  2 2 2 2 2 2 2 ###########################
######## 1 2 3 4 5 6 7 8 9  0 1 2 3 4 5 6 7 8 9  0 1 2 3 4 5 6 ###########################
$ OPCODE   1  (MOV REG,CONST)
 1 0 0   0 0 0 0 0 0 0 0 0  0 0 0 0 0 0 1 0 0 0  0 0 0 0 0 0 0   0   0   1 0 0 0  0 0   0

$ OPCODE   2  (MOV REG,REG)
 1 0 1   0 0 0 0 0 0 0 0 0  0 0 0 0 0 0 0 0 0 0  0 0 0 0 0 0 0   0   0   1 0 0 0  0 0   0

$ OPCODE   3  (MOV REG,[CONST])
 0 0 0   0 0 0 0 0 1 0 0 0  0 0 0 0 0 0 1 0 0 0  0 0 0 0 0 0 0   0   0   0 0 0 0  0 0   0
 0 0 0   1 0 1 0 0 0 0 0 0  0 0 0 0 0 0 0 0 0 0  0 0 0 0 0 0 0   0   1   0 0 0 0  0 0   0
 0 0 0   0 1 0 0 1 0 0 0 0  0 0 0 0 0 0 0 0 0 0  0 0 0 0 0 0 0   0   3   0 0 0 0  0 0   0
 1 0 0   0 0 0 0 0 0 0 1 0  0 0 0 0 0 0 0 0 0 0  0 0 0 0 0 0 0   0   0   1 0 0 0  0 0   0

$ OPCODE   4  (MOV REG,[REG])
 0 0 1   0 0 0 0 0 1 0 0 0  0 0 0 0 0 0 0 0 0 0  0 0 0 0 0 0 0   0   0   0 0 0 0  0 0   0
 0 0 0   1 0 1 0 0 0 0 0 0  0 0 0 0 0 0 0 0 0 0  0 0 0 0 0 0 0   0   1   0 0 0 0  0 0   0
 0 0 0   0 1 0 0 1 0 0 0 0  0 0 0 0 0 0 0 0 0 0  0 0 0 0 0 0 0   0   3   0 0 0 0  0 0   0
 1 0 0   0 0 0 0 0 0 0 1 0  0 0 0 0 0 0 0 0 0 0  0 0 0 0 0 0 0   0   0   1 0 0 0  0 0   0

$ OPCODE   5  (MOV [REG],REG)
 0 1 0   0 0 0 0 0 1 0 0 0  0 0 0 0 0 0 0 0 0 0  0 0 0 0 0 0 0   0   0   0 0 0 0  0 0   0
 0 0 1   1 0 1 0 0 0 1 0 0  0 0 0 0 0 0 0 0 0 0  0 0 0 0 0 0 0   0   1   0 0 0 0  0 0   0
 0 0 0   1 0 0 1 0 0 0 0 0  0 0 0 0 0 0 0 0 0 0  0 0 0 0 0 0 0   0   2   1 0 0 0  0 0   0

$ OPCODE   6  (MOV [CONST],CONST)
 0 0 0   0 0 0 0 0 1 0 0 0  0 0 0 0 0 1 0 0 0 0  0 0 0 0 0 0 0   0   0   0 0 0 0  0 0   0
 0 0 0   1 0 1 0 0 0 1 0 0  0 0 0 0 0 0 1 0 0 0  0 0 0 0 0 0 0   0   1   0 0 0 0  0 0   0
 0 0 0   1 0 0 1 0 0 0 0 0  0 0 0 0 0 0 0 0 0 0  0 0 0 0 0 0 0   0   2   1 0 0 0  0 0   0 

##########################################################################################
################################# INSTRUCOES ARITMETICAS #################################
##########################################################################################
######## 0 0 0 0 0 0 0 0 0  1 1 1 1 1 1 1 1 1 1  2 2 2 2 2 2 2 ###########################
######## 1 2 3 4 5 6 7 8 9  0 1 2 3 4 5 6 7 8 9  0 1 2 3 4 5 6 ###########################

$ OPCODE   7  (ADD REG,REG)
 0 1 0   0 0 0 0 0 0 0 0 1  0 0 0 0 0 0 0 0 0 0  0 0 0 0 0 0 0   0   0   0 0 0 0  0 0   0
 0 0 1   0 0 0 0 0 0 0 0 0  1 0 0 0 0 0 0 0 0 0  0 0 0 0 0 0 0   4   0   0 0 0 0  0 0   0
 1 0 0   0 0 0 0 0 0 0 0 0  0 0 1 0 0 0 0 0 0 0  0 0 0 0 0 0 0   0   0   1 0 0 0  0 0   0

$ OPCODE   8  (ADD REG,CONST)
 0 1 0   0 0 0 0 0 0 0 0 1  0 0 0 0 0 0 0 0 0 0  0 0 0 0 0 0 0   0   0   0 0 0 0  0 0   0
 0 0 0   0 0 0 0 0 0 0 0 0  1 0 0 0 0 0 1 0 0 0  0 0 0 0 0 0 0   4   0   0 0 0 0  0 0   0
 1 0 0   0 0 0 0 0 0 0 0 0  0 0 1 0 0 0 0 0 0 0  0 0 0 0 0 0 0   0   0   1 0 0 0  0 0   0

$ OPCODE   9  (SUB REG,REG)
 0 0 1   0 0 0 0 0 0 0 0 1  0 0 0 0 0 0 0 0 0 0  0 0 0 0 0 0 0   0   0   0 0 0 0  0 0   0
 0 1 0   0 0 0 0 0 0 0 0 0  1 0 0 0 0 0 0 0 0 0  0 0 0 0 0 0 0   5   0   0 0 0 0  0 0   0
 1 0 0   0 0 0 0 0 0 0 0 0  0 0 1 0 0 0 0 0 0 0  0 0 0 0 0 0 0   0   0   1 0 0 0  0 0   0

$ OPCODE  10  (SUB REG,CONST)
 0 0 0   0 0 0 0 0 0 0 0 1  0 0 0 0 0 0 1 0 0 0  0 0 0 0 0 0 0   0   0   0 0 0 0  0 0   0
 0 1 0   0 0 0 0 0 0 0 0 0  1 0 0 0 0 0 0 0 0 0  0 0 0 0 0 0 0   5   0   0 0 0 0  0 0   0
 1 0 0   0 0 0 0 0 0 0 0 0  0 0 1 0 0 0 0 0 0 0  0 0 0 0 0 0 0   0   0   1 0 0 0  0 0   0

$ OPCODE  11  (MUL REG)
 0 0 0   0 0 0 0 0 0 0 0 1  0 0 0 0 0 0 0 0 0 1  0 0 0 0 0 0 0   0   0   0 0 0 0  0 0   0
 0 1 0   0 0 0 0 0 0 0 0 0  1 0 0 0 0 0 0 0 0 0  0 0 0 0 0 0 0   6   0   0 0 0 0  0 0   0
 0 0 0   0 0 0 0 0 0 0 0 0  0 0 1 0 0 0 0 0 0 0  1 0 0 0 0 0 0   0   0   1 0 0 0  0 0   0

$ OPCODE  12  (DIV REG)
 0 1 0   0 0 0 0 0 0 0 0 1  0 0 0 0 0 0 0 0 0 0  0 0 0 0 0 0 0   0   0   0 0 0 0  0 0   0
 0 0 0   0 0 0 0 0 0 0 0 0  1 0 0 0 0 0 0 0 0 1  0 0 0 0 0 0 0   7   0   0 0 0 0  0 0   0
 0 0 0   0 0 0 0 0 0 0 0 0  0 0 1 0 0 0 0 0 0 0  1 0 0 0 0 0 0   0   0   0 0 0 0  0 0   0
 0 0 0   0 0 0 0 0 0 0 0 0  0 1 0 0 0 0 0 0 0 0  0 0 0 0 0 0 1   0   0   1 0 0 0  0 0   0

$ OPCODE  13  (INC)
 0 1 0   0 0 0 0 0 0 0 0 0  1 0 0 0 0 0 0 0 0 0  0 0 0 0 0 0 0   2   0   0 0 0 0  0 0   0
 1 0 0   0 0 0 0 0 0 0 0 0  0 0 1 0 0 0 0 0 0 0  0 0 0 0 0 0 0   0   0   1 0 0 0  0 0   0

##########################################################################################
################################### INSTRUCOES DE JUMP ###################################
##########################################################################################
######## 0 0 0 0 0 0 0 0 0  1 1 1 1 1 1 1 1 1 1  2 2 2 2 2 2 2 ###########################
######## 1 2 3 4 5 6 7 8 9  0 1 2 3 4 5 6 7 8 9  0 1 2 3 4 5 6 ###########################

$ OPCODE  14  (COMP AX,BX)    
 0 0 1   0 0 0 0 0 0 0 0 1  0 0 0 0 0 0 0 0 0 0  0 0 0 0 0 0 0   0   0   0 0 0 0  0 0   0
 0 1 0   0 0 0 0 0 0 0 0 0  1 0 0 0 0 0 0 0 0 0  0 0 0 0 0 0 0   5   0   1 0 0 0  0 0   0

$ OPCODE  15  (COMP AX,CONST)
 0 0 0   0 0 0 0 0 0 0 0 1  0 0 0 0 0 0 1 0 0 0  0 0 0 0 0 0 0   0   0   0 0 0 0  0 0   0
 0 1 0   0 0 0 0 0 0 0 0 0  1 0 0 0 0 0 0 0 0 0  0 0 0 0 0 0 0   5   0   1 0 0 0  0 0   0

$ OPCODE  16  (JE CONST) 
 0 0 0   0 0 0 0 0 0 0 0 0  0 0 0 0 0 0 0 0 0 0  0 0 0 0 0 0 0   0   0   0 1 0 0  0 0   48
 0 0 0   0 0 0 0 0 0 0 0 0  0 0 0 0 0 0 0 0 0 0  0 0 0 0 0 0 0   0   0   1 0 0 0  0 0   0
 0 0 0   0 0 0 0 0 0 0 0 0  0 0 0 0 0 1 0 0 1 0  0 0 0 0 0 0 0   0   0   1 0 0 0  0 0   0

$ OPCODE  17  (JNE CONST) 
 0 0 0   0 0 0 0 0 0 0 0 0  0 0 0 0 0 0 0 0 0 0  0 0 0 0 0 0 0   0   0   0 0 1 1  0 0   51
 0 0 0   0 0 0 0 0 0 0 0 0  0 0 0 0 0 0 0 0 0 0  0 0 0 0 0 0 0   0   0   1 0 0 0  0 0   0
 0 0 0   0 0 0 0 0 0 0 0 0  0 0 0 0 0 1 0 0 1 0  0 0 0 0 0 0 0   0   0   1 0 0 0  0 0   0

$ OPCODE  18  (JG CONST) 
 0 0 0   0 0 0 0 0 0 0 0 0  0 0 0 0 0 0 0 0 0 0  0 0 0 0 0 0 0   0   0   0 0 0 1  0 0   54
 0 0 0   0 0 0 0 0 0 0 0 0  0 0 0 0 0 0 0 0 0 0  0 0 0 0 0 0 0   0   0   1 0 0 0  0 0   0
 0 0 0   0 0 0 0 0 0 0 0 0  0 0 0 0 0 1 0 0 1 0  0 0 0 0 0 0 0   0   0   1 0 0 0  0 0   0

$ OPCODE  19  (JGE CONST) 
 0 0 0   0 0 0 0 0 0 0 0 0  0 0 0 0 0 0 0 0 0 0  0 0 0 0 0 0 0   0   0   0 1 0 1  0 0   57
 0 0 0   0 0 0 0 0 0 0 0 0  0 0 0 0 0 0 0 0 0 0  0 0 0 0 0 0 0   0   0   1 0 0 0  0 0   0
 0 0 0   0 0 0 0 0 0 0 0 0  0 0 0 0 0 1 0 0 1 0  0 0 0 0 0 0 0   0   0   1 0 0 0  0 0   0

$ OPCODE  20  (JL CONST) 
 0 0 0   0 0 0 0 0 0 0 0 0  0 0 0 0 0 0 0 0 0 0  0 0 0 0 0 0 0   0   0   0 0 1 0  0 0   60
 0 0 0   0 0 0 0 0 0 0 0 0  0 0 0 0 0 0 0 0 0 0  0 0 0 0 0 0 0   0   0   1 0 0 0  0 0   0
 0 0 0   0 0 0 0 0 0 0 0 0  0 0 0 0 0 1 0 0 1 0  0 0 0 0 0 0 0   0   0   1 0 0 0  0 0   0

$ OPCODE  21  (JLE CONST) 
 0 0 0   0 0 0 0 0 0 0 0 0  0 0 0 0 0 0 0 0 0 0  0 0 0 0 0 0 0   0   0   0 1 1 0  0 0   63
 0 0 0   0 0 0 0 0 0 0 0 0  0 0 0 0 0 0 0 0 0 0  0 0 0 0 0 0 0   0   0   1 0 0 0  0 0   0
 0 0 0   0 0 0 0 0 0 0 0 0  0 0 0 0 0 1 0 0 1 0  0 0 0 0 0 0 0   0   0   1 0 0 0  0 0   0

